100
5.245836e+24 -8.256266e+10 -1.855165e+10 -2.353799e+04 2.407193e+04
3.824985e+24 7.240408e+09 -3.356046e+10 2.112520e+04 -2.042026e+04
3.372829e+25 -3.324072e+10 -5.096733e+10 -2.989977e+04 -3.823452e+03
8.770474e+24 1.951989e+10 -8.602461e+10 -1.107246e+04 -3.100698e+03
9.054081e+25 -8.144709e+10 -7.156499e+10 1.740431e+04 -2.872584e+04
9.111594e+25 1.468162e+10 -4.693566e+10 2.027026e+04 1.612768e+04
3.435278e+25 6.029932e+10 -5.862751e+10 6.534152e+03 1.624497e+03
8.093576e+25 -3.694737e+10 -2.035237e+10 1.615675e+04 7.651280e+02
6.848687e+25 2.767065e+10 3.333153e+10 2.340591e+04 -8.318118e+02
6.685034e+25 -2.509567e+10 -9.363174e+10 1.525039e+04 -1.911211e+04
8.202082e+25 8.272918e+10 3.161483e+10 -1.979239e+04 -9.785031e+03
3.912542e+25 -8.534184e+10 -8.646586e+09 4.390111e+03 -9.833634e+03
1.891430e+25 -8.236854e+10 2.566350e+10 -2.923025e+04 -8.885179e+03
2.292069e+25 6.399498e+09 4.473267e+10 2.454920e+04 8.328050e+03
9.917939e+25 9.281183e+10 2.599814e+10 -1.599761e+04 -9.713110e+02
1.776720e+25 9.839155e+10 -1.110002e+10 1.509901e+04 -2.735221e+04
1.348141e+25 -6.136461e+10 -4.872753e+10 -8.877148e+03 -1.368421e+04
4.343252e+25 -1.592854e+10 -7.827583e+10 -2.624347e+04 -8.696313e+03
8.888003e+24 -1.335994e+10 -9.828776e+10 2.148061e+03 -2.559096e+04
6.942365e+25 -1.915855e+10 9.706963e+10 -1.424760e+04 -1.649356e+03
7.508399e+25 -3.303389e+10 -3.032660e+10 8.347676e+03 2.818116e+04
8.838918e+25 -1.619244e+10 4.354358e+10 1.074312e+04 -7.673423e+03
2.350399e+25 -8.432470e+10 7.578179e+10 -2.657045e+04 1.121767e+03
5.375826e+25 -7.077215e+10 3.118634e+10 2.494939e+04 1.656798e+04
3.893203e+25 -7.470601e+10 9.498591e+10 1.026209e+03 7.777058e+03
8.022964e+25 -2.275077e+10 -8.758885e+10 -2.183905e+04 1.010683e+04
3.496047e+25 7.421544e+10 4.803290e+10 2.882635e+04 1.013006e+04
3.038754e+25 5.822183e+10 -9.434839e+10 1.295446e+03 2.228368e+04
5.147677e+25 -7.252570e+10 2.450214e+07 2.727464e+03 -7.859967e+03
8.934442e+25 -3.198383e+10 -4.564972e+10 3.780892e+02 -1.780368e+04
3.221250e+25 -2.036596e+10 8.765250e+10 -2.517829e+04 -1.817431e+04
1.995794e+25 9.905300e+10 7.816174e+10 -1.835020e+04 3.877469e+03
8.519152e+24 -3.659436e+10 -3.177115e+10 2.260920e+03 2.576246e+04
8.090385e+25 6.836683e+09 5.721601e+10 -9.624577e+02 1.383362e+04
7.769767e+25 -4.862965e+10 6.655541e+10 4.676650e+03 -8.328025e+02
3.958737e+25 -5.517004e+10 2.515106e+08 -2.243363e+04 8.086965e+03
8.982784e+25 5.810521e+10 2.183156e+10 -3.315347e+02 1.174693e+04
1.224041e+25 -8.951293e+10 7.232941e+10 -8.289536e+03 1.013684e+04
4.208196e+25 -2.826589e+10 5.405719e+10 -9.418003e+03 1.522284e+04
8.204961e+25 -6.386479e+10 9.544609e+10 -2.625347e+04 -5.116359e+03
5.005248e+25 6.587155e+10 -6.502426e+10 3.541828e+03 -7.888969e+03
9.216907e+25 -7.553464e+10 -4.691679e+10 1.918816e+04 -1.066596e+04
9.442266e+25 -8.967922e+10 -2.231637e+10 -2.355205e+04 4.411819e+03
9.631283e+25 -3.506097e+10 2.936717e+10 -1.404514e+04 -3.646700e+03
5.715640e+25 -5.031734e+10 3.809365e+10 5.974870e+01 2.432779e+04
2.750938e+25 9.097093e+10 -6.355883e+10 -2.880527e+04 9.612280e+03
7.337891e+25 -4.535649e+09 -9.144799e+10 2.988805e+04 -2.150689e+04
8.704802e+25 7.830653e+10 -5.582860e+10 2.183634e+04 -2.195621e+03
8.995926e+25 7.750468e+10 5.485949e+10 -1.267739e+04 4.806290e+03
9.813154e+25 -3.587533e+10 -2.269983e+10 1.127936e+04 -2.624186e+04
2.534366e+25 -6.639592e+10 -1.678866e+10 -4.501411e+03 6.423513e+03
4.968600e+25 -6.704609e+10 -9.067579e+10 1.486332e+03 1.583140e+04
9.269012e+25 6.792766e+10 -3.944944e+10 2.194039e+04 -1.956507e+03
2.825188e+25 -8.156825e+10 -1.145752e+10 2.697682e+03 -1.324204e+04
1.953793e+25 8.817809e+10 -8.644502e+10 2.636354e+04 -5.615223e+03
7.915386e+25 -7.781039e+10 1.400153e+10 1.570177e+04 -3.839296e+03
3.565306e+25 -1.356238e+09 -6.110802e+10 -1.730220e+04 -1.552131e+04
3.765290e+24 8.200483e+10 -8.531202e+10 2.562829e+04 -2.934263e+04
6.562478e+25 9.385526e+09 -9.163166e+10 2.648801e+04 1.384616e+04
8.791433e+25 -1.286723e+10 -4.172337e+10 -1.884432e+04 -2.323683e+04
6.709828e+25 6.435936e+10 -5.759778e+10 -2.844202e+04 -8.308031e+03
1.529594e+25 -5.501320e+10 -5.559006e+10 9.745285e+03 -3.923807e+03
5.605294e+25 -2.198264e+10 9.673417e+10 -1.839974e+02 -2.744432e+04
1.393087e+25 4.624417e+10 8.252548e+10 -2.244127e+04 -2.393737e+03
8.621647e+25 1.036004e+10 -9.651549e+10 1.252336e+03 -1.267461e+04
2.134521e+25 8.732353e+10 -7.885461e+10 1.978203e+04 1.518058e+04
5.928639e+25 -3.502715e+10 -8.344591e+10 1.012471e+04 2.755354e+04
1.798787e+25 -7.477061e+10 -4.967168e+09 2.108143e+04 -2.968108e+04
7.888548e+25 -8.273868e+10 -9.354178e+10 -2.121545e+04 -2.543622e+03
9.369663e+25 3.226113e+10 -8.807491e+10 -2.089815e+04 -2.319925e+03
9.037832e+24 3.366992e+10 -2.821342e+10 2.736462e+04 1.918203e+04
8.169255e+25 -5.297339e+10 -1.373983e+10 1.029516e+04 -2.463582e+04
9.640515e+23 -3.452361e+10 -1.985768e+10 1.721354e+04 1.887913e+04
5.804934e+24 -8.707941e+10 8.495552e+10 -1.271592e+04 -2.249314e+04
7.926445e+25 5.699760e+10 2.093872e+10 1.604524e+04 2.157587e+04
8.531502e+25 -4.734748e+10 -1.582559e+10 2.906671e+04 -7.935308e+03
6.261260e+25 6.930063e+10 7.536213e+10 6.159226e+03 -9.008682e+03
6.902629e+25 -9.934269e+10 -2.989152e+10 1.553110e+04 8.796242e+03
7.997694e+24 4.392387e+10 2.200189e+10 -3.316908e+03 -2.372291e+04
5.963702e+25 4.911528e+10 -6.025491e+10 8.094333e+03 -2.576349e+04
2.054220e+25 -2.834657e+10 5.560412e+10 -1.300203e+04 2.341897e+04
9.830996e+25 -6.732886e+10 -9.465703e+10 1.372324e+04 1.586235e+04
9.009322e+25 3.449319e+10 5.601995e+10 -8.068794e+03 -2.395120e+04
9.999133e+25 2.093866e+10 -4.590993e+10 2.356579e+04 -2.558447e+04
5.687535e+24 -4.902979e+10 -7.398176e+10 -5.355139e+03 7.264696e+03
5.194676e+25 1.074332e+10 -7.612440e+10 2.096082e+03 2.850967e+04
3.298564e+25 5.984948e+10 2.759720e+10 1.572357e+04 9.476849e+03
4.395638e+25 -5.300459e+10 -8.128620e+10 -2.320528e+04 -2.394443e+04
7.673732e+25 6.746266e+10 6.352337e+10 2.308783e+04 -8.473889e+03
6.741207e+25 6.405599e+10 -7.353915e+10 -2.997910e+04 -1.742065e+04
9.157723e+25 6.153451e+10 -7.407153e+10 2.083044e+04 -1.952090e+04
2.667552e+25 -6.637039e+10 7.678793e+10 1.968406e+04 -2.610489e+04
2.392498e+24 5.824674e+10 -2.126227e+10 4.105367e+03 8.286587e+03
5.436430e+25 -6.240092e+10 -3.793351e+10 5.846785e+03 1.705718e+04
3.382843e+25 -9.546783e+10 -7.094670e+10 -1.290690e+04 2.767040e+04
4.270332e+25 -5.012005e+08 -1.545558e+10 2.196609e+04 1.803811e+04
1.540420e+25 3.321464e+10 9.975934e+09 2.385083e+04 -2.623614e+04
5.783326e+25 -6.203609e+10 1.386880e+10 1.903047e+04 -3.958377e+03
5.348452e+25 -2.697449e+10 8.896695e+10 2.174460e+04 -2.461855e+04
4.282746e+24 6.986642e+09 -3.770823e+10 -2.812588e+04 1.051244e+04
