500
7.482277e+25 9.331746e+10 -1.295814e+10 1.765799e+04 8.888983e+03
6.174433e+25 6.445422e+10 5.791474e+10 2.318885e+04 -1.041307e+04
9.865859e+25 -7.701565e+10 -4.279276e+09 -1.953392e+03 -1.421278e+04
1.266767e+25 -6.298723e+10 -2.190752e+10 1.255396e+03 1.713571e+04
7.107065e+25 8.714305e+10 1.596312e+10 1.190000e+04 2.751593e+04
8.130474e+25 -8.518999e+10 6.629896e+09 -8.223790e+03 2.915782e+04
7.247548e+25 2.932912e+10 7.427665e+10 -1.797168e+04 1.787291e+04
1.291387e+25 -1.070676e+10 3.669605e+10 -7.761365e+03 2.191013e+04
3.137171e+25 9.492976e+10 6.370560e+10 1.207695e+04 1.126380e+04
7.844741e+25 -2.083731e+10 4.414344e+10 5.487840e+03 2.340080e+04
4.624037e+25 -9.281674e+10 -5.164016e+10 2.742033e+03 -2.165858e+04
7.856040e+25 8.938735e+10 -5.689299e+10 7.180454e+03 2.005576e+04
8.938814e+25 5.570805e+10 7.973863e+09 -1.077106e+04 1.690163e+04
1.407205e+25 -6.416809e+10 -6.558932e+10 2.181393e+04 -1.198793e+04
5.270663e+25 6.204619e+10 -9.811611e+10 1.318914e+04 -2.992262e+04
2.878798e+25 -6.598776e+10 8.875648e+10 -1.544659e+04 -9.178103e+03
6.445339e+25 8.666438e+10 -2.281285e+10 -1.369551e+04 -1.166130e+04
4.720287e+24 -8.463384e+10 -1.295204e+10 -5.769527e+03 1.459475e+04
1.291801e+24 1.041434e+10 -9.995796e+10 -7.824080e+03 2.854405e+04
7.214658e+25 -9.566799e+10 7.491445e+10 2.706621e+04 -1.470841e+04
3.091348e+25 -8.268434e+10 4.398621e+10 2.270933e+04 2.117631e+04
6.168448e+25 7.467185e+09 4.210957e+10 -2.864045e+04 1.711790e+04
6.489279e+25 -2.589128e+09 -7.628558e+10 6.409928e+03 -2.552525e+04
3.849576e+25 4.770274e+10 6.359684e+10 -1.900704e+04 -1.380146e+04
4.828686e+25 -3.395031e+09 -5.334632e+10 -2.127116e+04 2.116122e+04
3.731105e+25 -8.369000e+10 -3.047452e+09 -1.386170e+04 -2.602424e+04
6.376342e+25 -6.962144e+10 5.582760e+10 -5.098765e+03 -1.129680e+03
8.655195e+25 -4.515617e+10 6.864569e+10 1.156473e+04 -2.779849e+04
2.282211e+25 -9.501128e+10 9.695888e+10 -2.119599e+04 4.113471e+03
8.655363e+24 -8.868679e+10 -9.020100e+10 2.805483e+04 -1.367261e+03
5.585341e+25 -6.467907e+10 -6.271958e+10 8.672692e+03 -7.220929e+03
9.144307e+25 3.264361e+10 1.291610e+10 1.721462e+04 1.582320e+04
1.701280e+25 6.121062e+10 -6.965631e+10 -5.056197e+02 2.774959e+04
6.245774e+25 -6.773453e+10 3.893046e+10 1.408937e+04 -7.514774e+03
8.422834e+25 -9.154237e+10 4.630618e+10 1.002724e+04 -2.506467e+04
5.782481e+25 3.609379e+10 9.147379e+10 6.933658e+03 -5.682384e+03
1.954804e+25 1.029578e+10 -9.124091e+10 6.094354e+03 -6.123284e+03
2.532229e+25 -4.574030e+10 -2.225570e+10 1.625757e+04 -2.467171e+04
3.179652e+25 -9.732247e+10 7.332142e+09 -2.191167e+04 -2.283473e+04
9.078859e+25 -1.635847e+09 -4.802072e+10 4.440974e+03 1.407122e+04
3.164913e+25 9.028339e+10 -4.611610e+10 2.050283e+03 -2.245163e+04
1.278848e+25 -5.909818e+10 -5.793527e+09 -2.192853e+04 -1.011204e+02
8.069802e+25 -2.585414e+10 7.362314e+10 2.441734e+03 2.649281e+04
3.091995e+25 -9.739304e+10 4.666225e+10 -5.496505e+03 -1.907979e+04
5.025721e+25 3.564058e+10 3.980267e+10 1.805295e+04 1.397878e+04
8.778796e+25 5.057090e+10 -4.131593e+10 -4.574906e+03 2.306822e+04
3.709929e+25 9.787062e+10 -9.181838e+10 -1.468834e+04 -2.131792e+04
9.377439e+25 4.997472e+10 -1.082425e+10 -2.368877e+04 3.716118e+03
8.442054e+25 -4.211353e+10 -1.046600e+10 2.275232e+04 -2.823134e+04
8.947437e+24 2.186549e+10 6.135507e+10 -2.927611e+04 1.783984e+04
5.472045e+25 -6.934970e+10 -4.740928e+10 -1.483076e+04 -1.173864e+04
8.058938e+25 1.397737e+10 7.360829e+10 1.620591e+04 -2.714798e+04
5.616025e+24 -9.362818e+10 -7.915038e+10 -2.761614e+04 -9.167935e+03
6.496622e+24 1.901656e+10 -2.840630e+10 4.347972e+01 -1.006381e+03
6.493996e+25 6.240040e+10 6.538099e+10 1.239743e+04 -1.054543e+03
5.182570e+25 5.354637e+10 -1.414863e+10 2.496087e+04 5.925448e+02
7.905717e+25 9.364590e+10 -1.921855e+10 1.360178e+04 2.044627e+04
8.015461e+25 -1.078875e+10 -8.452831e+10 9.730983e+03 2.491221e+03
1.430339e+25 9.450246e+10 -5.539275e+09 1.170539e+04 2.478135e+04
3.299279e+25 7.036659e+08 2.004822e+10 1.856264e+04 -2.203138e+04
8.189689e+25 9.260423e+08 -9.599171e+10 -2.575305e+04 1.718468e+04
1.584514e+25 -7.758295e+10 2.267675e+10 -2.007763e+04 1.226234e+04
5.417397e+25 -6.523083e+10 4.507475e+10 -2.435916e+04 2.480644e+03
1.603365e+25 -6.450724e+10 3.086601e+10 2.034311e+04 1.001062e+04
1.460582e+25 -5.800479e+10 9.376444e+10 2.669053e+04 -1.667677e+04
1.881003e+25 6.442735e+10 9.253122e+10 2.028167e+04 2.800727e+04
1.911093e+25 -9.725129e+10 9.847461e+10 -1.417189e+04 1.404540e+04
3.934259e+24 -5.566953e+10 8.001694e+10 -1.808658e+04 2.085006e+04
7.755811e+25 -6.682396e+10 6.254386e+10 -1.518236e+04 -1.686285e+04
3.161507e+25 1.432672e+10 3.863194e+10 7.997222e+03 6.208786e+03
4.526953e+25 4.839134e+10 6.890680e+10 5.632472e+03 1.534379e+04
4.455702e+25 2.873563e+10 6.693205e+09 -2.116264e+04 1.125729e+04
7.373624e+25 2.944841e+09 9.890129e+10 4.128972e+03 -1.975705e+03
6.037017e+24 1.327988e+10 6.924624e+10 -5.965564e+03 -1.243912e+04
4.749357e+25 -6.773875e+08 -8.306205e+10 2.049680e+04 -1.244725e+04
6.565558e+25 8.738285e+10 8.569517e+09 2.104007e+04 -2.210432e+04
2.531119e+25 5.678187e+10 -4.427498e+10 2.206887e+03 6.238303e+03
9.296375e+25 -9.785119e+10 -1.758999e+10 1.167430e+04 -2.175222e+04
4.927087e+25 -1.950242e+09 9.053924e+10 -1.040112e+04 6.431217e+03
6.742973e+25 -4.686385e+10 3.859732e+10 1.157595e+04 -4.225599e+03
1.260758e+25 -1.807565e+10 -3.087357e+10 1.301028e+04 -1.767917e+04
3.895339e+25 -6.922940e+10 -7.162533e+10 -1.521190e+04 1.701570e+04
3.489508e+25 7.127801e+10 -9.633675e+10 -1.952100e+04 -1.796493e+04
2.095092e+25 -5.414674e+10 -2.121240e+10 -2.269245e+04 2.074812e+04
5.896600e+25 -5.455705e+10 7.474740e+10 -2.942701e+04 1.185883e+04
2.518126e+24 3.403527e+10 2.705160e+10 3.976808e+03 1.907751e+04
9.038008e+24 7.894812e+10 9.405101e+10 -1.472715e+04 -2.134992e+03
7.288384e+25 -4.561632e+10 5.878948e+10 8.028978e+03 -1.353216e+04
4.711553e+25 2.318739e+10 -2.450963e+10 -5.399688e+03 -2.290274e+04
1.983106e+25 -6.858464e+10 9.715761e+10 -1.804516e+03 -8.196032e+03
1.912604e+24 4.369455e+10 -6.544907e+10 6.900821e+03 2.334921e+04
5.117572e+25 -5.934740e+09 -8.933596e+09 4.321584e+03 2.960521e+04
8.678144e+23 -2.292177e+10 8.224615e+10 -2.980370e+04 -2.321902e+04
5.681255e+25 9.162287e+10 -3.949795e+10 2.295751e+04 -1.116508e+04
1.450566e+25 -1.382662e+10 -6.190113e+10 3.858218e+03 2.527255e+04
1.253778e+25 -7.551841e+10 -1.547945e+10 -1.107343e+04 7.717430e+03
3.107962e+25 -2.838266e+10 -8.286110e+10 1.765634e+04 -1.978604e+04
2.700827e+25 4.590952e+10 -9.370135e+10 -2.753755e+02 -1.555528e+04
7.114915e+25 -6.622845e+10 -9.117097e+10 -8.138782e+03 1.948188e+04
4.570905e+25 4.268778e+10 8.059165e+10 -1.793765e+04 -5.164009e+03
7.011954e+25 -4.812559e+10 2.828751e+10 2.591814e+04 2.367410e+04
4.744037e+25 -3.676606e+10 6.660834e+10 2.821107e+04 -2.505739e+04
9.981299e+25 6.309778e+10 6.620289e+10 -1.480968e+04 3.036706e+03
5.574236e+25 4.538090e+10 -6.632460e+10 -1.525703e+03 -1.271281e+04
9.385286e+25 -3.305171e+10 -7.437351e+10 -2.638285e+04 -1.965833e+04
1.112271e+25 -6.287971e+10 -2.229440e+10 -2.030795e+04 -3.946465e+03
7.121116e+25 -5.876095e+10 3.790420e+10 9.197487e+03 2.485287e+04
2.132170e+25 9.057354e+10 4.437075e+10 -2.230627e+04 -1.394144e+04
4.890946e+25 -1.976127e+10 -3.086429e+10 2.620009e+04 -7.833857e+03
9.769620e+25 -6.036585e+10 -8.653919e+10 6.247324e+03 -5.419611e+03
8.907529e+25 -1.931240e+10 2.780223e+10 -2.585276e+04 1.931018e+04
2.477967e+25 9.733964e+10 -2.210810e+10 -2.853443e+04 4.132637e+03
2.724971e+25 4.883399e+10 -9.282675e+10 6.725469e+03 2.498062e+04
3.267642e+25 3.745887e+09 7.195021e+10 -1.109070e+04 -2.798231e+04
1.974681e+25 -4.936694e+10 -4.752231e+10 2.444651e+04 7.481237e+03
4.576347e+25 -8.385821e+10 -5.966201e+10 -1.762415e+04 -1.671268e+03
6.513684e+25 7.916775e+10 -8.611428e+08 7.155785e+03 1.986267e+04
2.021034e+25 8.243650e+10 -9.761651e+10 -1.587220e+04 -1.306836e+04
5.989395e+24 -5.207262e+10 -8.026652e+10 -1.966103e+04 1.937576e+04
3.626884e+25 6.983210e+10 -8.046728e+09 7.248363e+03 1.965764e+03
3.699591e+25 2.125236e+10 8.391356e+10 7.540221e+03 3.676793e+03
2.916308e+25 -3.429659e+10 -4.039142e+10 -2.126528e+04 1.865007e+03
6.942776e+25 2.424422e+10 9.601924e+10 -3.974949e+03 3.073575e+03
1.355114e+25 6.024117e+09 -7.599343e+10 -2.699052e+04 1.329475e+04
1.523578e+25 -6.463724e+10 2.054278e+09 1.595358e+04 1.371900e+04
6.138220e+25 4.213610e+10 7.976727e+10 -1.978071e+04 -3.256751e+02
6.869794e+25 3.033489e+09 -9.088899e+10 1.897269e+04 2.206405e+04
8.240045e+25 2.328461e+10 -4.793781e+10 -2.174006e+04 -8.480423e+03
8.678327e+25 8.931546e+10 -2.402993e+10 1.348518e+04 7.399479e+03
4.186973e+25 -7.999802e+10 -3.099059e+10 -2.104383e+04 -2.334693e+04
1.913396e+25 -8.293163e+10 -5.280867e+10 -6.690504e+03 -1.105430e+04
2.582255e+25 -8.719461e+09 -7.808143e+10 2.326040e+04 1.204562e+04
5.209198e+25 1.923067e+10 3.841646e+10 2.188615e+04 1.515043e+04
5.871434e+25 9.215770e+10 7.070496e+10 -2.342916e+04 1.531796e+04
3.610855e+25 -7.968108e+10 2.362118e+10 -1.064203e+04 -1.571388e+04
3.239825e+25 -4.970720e+10 2.264048e+09 1.650191e+04 4.031617e+03
9.672282e+25 -8.444684e+09 -5.857968e+09 9.861921e+03 -9.733477e+03
2.056348e+25 8.965635e+09 4.109672e+10 1.084730e+04 -6.206101e+03
2.290745e+25 2.847655e+10 -1.103056e+10 -1.315234e+04 -4.571189e+03
7.683717e+25 -2.852230e+10 4.697573e+10 -3.546767e+03 -1.246818e+03
3.685461e+25 -6.934561e+09 -6.551480e+10 2.087304e+04 -1.558990e+04
5.824280e+25 8.320273e+10 -7.957056e+09 2.558779e+04 -9.110343e+03
9.388163e+25 -9.323093e+10 -9.619109e+10 2.994368e+04 -1.432860e+04
4.103683e+24 -4.228012e+10 -7.770119e+10 -2.269927e+04 2.319841e+04
8.996926e+25 -1.951552e+10 4.578210e+10 2.134948e+04 1.519178e+02
5.310336e+25 9.277211e+10 -2.684636e+10 -1.275010e+04 3.642625e+03
3.659988e+25 -2.551464e+09 -2.172054e+10 -5.254204e+03 -2.974627e+04
4.931575e+25 -3.222686e+10 -7.334771e+10 -1.034691e+04 -1.724924e+04
9.822495e+25 -1.539576e+10 -1.892762e+10 -5.588181e+03 8.014335e+03
8.431399e+25 2.853616e+09 6.635023e+10 5.634976e+03 -1.939768e+04
8.237720e+25 3.492502e+10 7.078048e+10 -2.943660e+04 3.456532e+03
2.469965e+25 -3.232410e+10 -9.247674e+10 1.889873e+04 -2.341749e+04
1.183262e+25 -4.807442e+09 9.834941e+10 -2.828456e+04 -2.753503e+04
9.822778e+25 3.518099e+10 6.331891e+10 2.258497e+04 -2.265681e+04
3.674553e+25 -7.169967e+09 2.663162e+10 -2.145504e+04 9.860955e+03
2.809072e+25 6.005724e+10 -1.784460e+10 1.944000e+04 1.958135e+04
5.772215e+24 9.211627e+10 -6.020075e+10 -5.380365e+03 1.746620e+04
7.068277e+25 -1.704202e+10 3.541858e+09 -2.761417e+04 -7.736442e+02
2.793433e+25 -3.576764e+10 -3.118029e+10 1.934169e+04 9.294621e+03
5.747156e+25 -9.364822e+10 -7.402148e+10 -1.615130e+04 -7.870666e+03
5.026404e+25 3.703344e+10 8.921970e+10 -9.876764e+03 6.581176e+03
3.558677e+24 -1.206375e+10 9.713648e+10 2.848890e+04 1.227180e+04
2.571077e+25 -2.473519e+10 -5.292907e+10 -1.465412e+04 1.933951e+04
3.048547e+25 -6.813617e+10 -8.663857e+10 2.651070e+04 -1.233704e+04
6.659840e+25 -8.489470e+09 3.008242e+09 -1.055536e+04 1.028147e+04
5.076531e+25 5.869275e+10 -3.095649e+10 2.794865e+04 2.004107e+04
3.522566e+25 -1.696958e+10 -5.396753e+09 -2.297870e+03 -1.914684e+04
7.377526e+25 2.655732e+10 -9.763167e+10 -2.720788e+04 -1.465102e+04
8.117937e+25 -4.941477e+10 8.972686e+10 2.395284e+04 -6.807624e+03
1.061352e+25 -6.060967e+10 7.657634e+10 -1.913290e+04 -2.021227e+03
9.233575e+25 9.539688e+10 3.397094e+10 -2.893449e+04 8.615262e+03
3.504643e+25 7.029556e+10 -5.096898e+10 2.206190e+03 -1.914456e+04
3.710319e+25 -6.974761e+10 -4.544438e+10 2.682960e+04 -2.010250e+04
5.614423e+25 7.100633e+10 -2.674969e+10 -2.767786e+04 -1.831584e+03
1.709956e+25 -5.663032e+10 -4.089246e+09 9.667431e+03 2.543129e+04
3.359122e+25 -8.829392e+09 5.324457e+09 2.046811e+04 2.046732e+04
2.025229e+25 6.376923e+10 -9.955915e+10 -4.596980e+03 1.325670e+04
4.637788e+25 9.712368e+10 3.176831e+10 6.122617e+03 8.004094e+03
4.681219e+25 -2.294088e+10 9.641081e+10 1.163180e+04 -9.136336e+03
8.846735e+25 -6.592033e+10 -9.326968e+10 2.432528e+03 -1.570401e+04
3.865358e+25 5.410091e+10 -1.799676e+10 -2.771291e+04 -1.558169e+04
4.997838e+25 7.973524e+10 -1.038126e+10 2.698580e+03 -2.169933e+04
6.753010e+25 -4.656209e+10 -6.548302e+09 -2.878221e+04 -5.332443e+03
1.481319e+25 6.221523e+10 -1.096355e+10 -8.388580e+02 1.538476e+04
4.600589e+25 8.735395e+10 -2.699973e+10 3.212863e+03 -1.576175e+03
8.865597e+25 -6.490628e+10 8.995613e+10 2.039646e+04 -1.660112e+04
8.747041e+25 -9.128207e+09 -8.800704e+10 -4.928830e+03 2.417824e+04
2.036939e+25 2.518459e+10 7.246931e+10 3.416742e+03 2.441321e+04
8.733219e+25 7.192148e+10 -7.846748e+10 -6.317916e+03 7.433458e+02
7.614426e+25 -5.013910e+10 -9.421234e+10 2.847985e+04 -2.899555e+04
1.903595e+25 -2.496645e+10 2.211739e+10 -2.586324e+04 2.670858e+04
2.553872e+25 5.648819e+10 5.413547e+10 1.858781e+03 -1.068005e+04
9.643149e+25 1.220656e+09 9.400354e+10 -1.248198e+03 -1.934954e+04
1.603186e+25 -1.546135e+09 -6.212561e+10 -1.780303e+03 2.925797e+04
2.223893e+24 3.851119e+10 9.769243e+10 9.873576e+03 5.118973e+03
2.185384e+24 2.875052e+10 5.985913e+10 2.613800e+04 3.895148e+03
1.286878e+25 -4.883369e+10 -4.011297e+10 -2.201493e+04 2.074391e+04
3.933739e+25 -2.589806e+10 5.356344e+10 -2.081546e+04 2.135994e+04
1.188069e+25 -6.237495e+10 6.624277e+10 2.371394e+04 -6.451110e+03
9.726723e+25 -5.718512e+10 -6.335076e+10 1.707851e+04 2.417301e+04
3.556404e+25 4.193445e+10 -7.093656e+10 -1.341302e+04 1.164646e+04
7.253360e+25 -6.062675e+10 -7.102203e+10 1.029138e+04 1.935200e+04
6.854072e+25 -4.393443e+10 6.533449e+10 -2.814033e+04 2.036099e+03
9.424064e+25 5.640192e+10 -9.905173e+10 -1.774056e+04 2.858764e+04
8.731612e+25 5.733539e+10 2.571757e+10 2.722603e+04 1.426847e+04
2.150925e+25 9.135200e+10 5.950086e+10 -2.399556e+04 4.307300e+03
1.826551e+25 2.722939e+10 4.618037e+10 -2.592081e+04 -1.928963e+04
3.856210e+25 -5.879797e+09 -3.422516e+10 -2.989872e+04 -9.603478e+03
5.168204e+25 -7.677536e+10 -4.165659e+10 -1.164805e+04 2.254494e+03
9.417752e+25 3.669264e+10 -4.537988e+08 2.807959e+04 -2.364626e+04
7.383370e+24 2.881587e+10 -7.169490e+10 2.041206e+04 -2.893799e+04
2.765523e+25 3.888690e+10 -8.405080e+10 -1.719479e+04 4.667095e+03
7.834183e+25 -2.871346e+10 4.619134e+10 2.126067e+04 2.810384e+03
5.269935e+25 -4.402093e+10 -4.833862e+09 -1.679213e+04 -2.418247e+04
2.403090e+25 -5.963373e+10 5.504534e+10 2.961233e+04 1.497151e+04
9.018289e+25 -8.628957e+10 -6.110635e+10 -8.299448e+03 -2.266441e+04
9.234326e+25 5.023636e+09 -5.937828e+10 1.775105e+04 5.933205e+03
5.527333e+25 2.436888e+10 8.840038e+10 -2.264448e+04 2.775018e+04
9.810658e+25 1.531664e+09 -8.060878e+09 -7.773505e+03 6.511002e+01
2.837308e+25 -3.274997e+10 -5.817188e+10 -1.049953e+04 -1.971420e+04
2.932107e+25 7.034099e+10 7.668395e+10 3.854454e+03 1.392595e+03
7.172743e+25 -9.984007e+10 -2.177544e+10 2.578504e+04 -1.310712e+04
5.577952e+25 -1.310908e+10 -6.912024e+10 4.127164e+03 2.986842e+04
8.165472e+25 5.895082e+10 9.612390e+10 2.464130e+04 -8.620801e+02
9.092702e+25 5.333889e+10 -6.438391e+10 2.049833e+04 -3.736999e+03
1.558974e+25 2.303425e+09 3.313675e+10 -2.179009e+04 2.054388e+04
9.977488e+25 -8.396915e+10 7.684504e+10 -1.656571e+03 1.717464e+04
7.843707e+25 -9.842686e+10 -1.614704e+10 1.106568e+04 -1.992872e+04
4.045595e+25 -7.526631e+10 -6.411060e+10 -1.344029e+04 1.264728e+04
7.840338e+24 9.034717e+10 3.896378e+10 -2.661424e+04 4.628612e+03
8.713505e+25 9.213810e+10 8.277906e+10 -7.323438e+03 2.883350e+04
9.552002e+24 9.648271e+09 6.250147e+10 -8.763106e+03 -2.712449e+04
6.710921e+25 1.047870e+10 9.338349e+10 -3.484773e+03 2.768555e+04
1.678428e+25 6.811464e+09 -1.252195e+10 2.426052e+04 1.143437e+04
6.063276e+25 -9.664526e+09 3.204532e+10 1.598913e+04 2.885304e+03
9.360311e+25 9.026640e+10 8.724008e+10 -1.837046e+04 3.988645e+03
5.238311e+25 8.528161e+10 -3.933406e+10 4.734131e+03 1.971358e+04
4.918317e+24 -4.193564e+10 1.207715e+10 -4.752879e+03 2.792638e+04
1.227855e+25 -3.514274e+10 1.087003e+10 1.293019e+04 -1.991273e+04
7.457410e+25 7.091858e+10 9.745569e+10 1.593239e+04 1.377758e+04
8.857860e+24 4.791084e+10 3.919077e+10 -2.517976e+04 8.963355e+03
6.324836e+25 7.898649e+10 5.761366e+10 6.909916e+03 -1.432528e+04
5.549056e+25 -3.813236e+10 -7.927069e+10 2.705348e+04 2.319223e+04
9.517379e+25 -3.443603e+10 6.047644e+10 1.695602e+04 1.896531e+03
4.707685e+25 -3.194809e+10 2.733559e+10 3.968204e+03 9.374714e+03
1.952742e+24 3.207371e+10 -8.901440e+10 -2.711242e+04 1.674435e+04
2.202320e+25 3.631795e+10 8.024685e+10 5.172211e+03 -5.210941e+03
5.555690e+25 8.929146e+10 8.115620e+10 -1.746429e+04 -3.325620e+03
5.304295e+25 -9.924842e+10 -3.034724e+10 -4.791908e+03 -2.107265e+03
2.396931e+25 -4.906333e+09 -1.064237e+10 1.285960e+04 2.859913e+04
4.389063e+25 -7.833155e+10 -1.106193e+10 2.561051e+04 6.134227e+03
6.895157e+25 9.400016e+10 -8.599577e+10 1.158874e+04 4.372607e+03
2.895450e+24 9.856331e+10 4.672317e+10 2.637101e+04 2.917171e+04
1.458665e+25 -3.606804e+10 -5.966327e+10 1.941783e+03 1.653996e+04
7.576503e+25 -7.627782e+09 -1.825250e+10 2.663081e+04 -1.193902e+04
3.023370e+25 -8.402796e+10 6.181303e+10 2.025624e+04 2.720274e+03
7.094884e+25 9.747551e+10 5.564362e+10 1.298739e+03 -6.170128e+03
3.679559e+25 5.138345e+10 3.508127e+10 9.927565e+03 -3.545317e+03
6.544027e+25 8.685209e+09 -9.433030e+10 1.865379e+04 -7.498751e+03
9.925960e+25 -6.417906e+10 -3.696174e+10 -1.129051e+04 1.150360e+04
2.450254e+25 2.207401e+10 -3.943909e+10 -1.264392e+04 2.824414e+04
9.136121e+25 -2.657827e+10 -9.819047e+10 8.098240e+01 -1.046589e+03
9.938141e+25 8.108166e+09 6.304594e+10 -4.685080e+03 -1.634322e+03
1.270489e+25 6.595395e+10 9.862003e+09 -9.501571e+03 -4.723663e+03
2.504382e+25 4.277329e+10 6.242694e+10 -1.117121e+04 1.970534e+04
4.474305e+25 -4.321601e+10 -9.085432e+10 2.659426e+04 1.592503e+04
2.928958e+25 1.408010e+09 -8.905019e+10 1.833387e+04 1.826906e+03
5.416436e+25 8.285651e+10 5.656387e+10 -2.299860e+04 -1.984214e+04
1.357634e+25 7.784960e+10 8.054014e+10 2.487896e+04 -2.579680e+04
1.560227e+25 7.804892e+10 -3.102396e+10 6.847754e+00 6.594076e+03
6.898179e+25 2.312261e+10 -2.497205e+10 1.450493e+04 2.388220e+04
6.768804e+25 9.583715e+10 3.942717e+10 -1.759151e+04 1.386287e+02
9.856144e+25 -4.935654e+09 -8.365102e+10 2.322755e+04 1.808557e+04
1.226573e+25 7.905931e+10 4.816972e+10 2.264394e+04 -6.560751e+02
9.753801e+25 -6.474180e+10 8.419998e+10 2.566299e+04 3.810118e+03
4.339364e+25 -7.265899e+10 6.272029e+09 6.475609e+03 -5.456808e+03
2.860579e+24 -4.406469e+10 6.982447e+10 2.126902e+04 1.956438e+04
3.211781e+25 2.672363e+10 3.470395e+10 1.123686e+04 2.151254e+04
4.654618e+25 -5.328874e+10 -2.599111e+10 -2.285331e+04 -6.601641e+03
8.289738e+25 7.625175e+10 -9.737412e+10 -2.750994e+04 1.055320e+04
9.670012e+24 4.354314e+10 9.289586e+10 -7.949592e+03 1.353236e+04
1.436688e+25 -7.779818e+10 -9.961797e+10 -2.318678e+04 -2.713539e+04
7.823598e+25 -7.182416e+10 -6.214908e+10 -1.139762e+04 1.237522e+04
4.631563e+25 1.999059e+10 -2.833239e+10 1.695205e+04 -3.197394e+03
4.895322e+25 8.106940e+10 4.749872e+10 -2.227865e+03 -2.200936e+04
9.629572e+25 4.495443e+10 -2.026650e+10 -2.152321e+02 -2.986123e+04
7.443788e+24 3.089096e+10 -3.399756e+10 -2.523827e+04 -2.590598e+04
8.789538e+24 -6.149892e+10 -8.293002e+10 -2.117081e+04 -1.260120e+04
6.791414e+25 5.247082e+10 -4.585560e+10 -1.900531e+04 -2.179292e+04
1.723648e+25 -4.481271e+10 5.120975e+10 3.117420e+03 2.406810e+04
1.972339e+24 -2.677960e+10 -3.117859e+09 -2.251620e+04 1.152438e+04
9.031253e+25 8.602997e+10 7.919578e+10 -2.461470e+03 -4.549558e+03
1.465325e+25 -9.042594e+10 2.763691e+10 -2.196177e+04 5.734330e+03
1.699812e+25 -5.292319e+10 -6.474772e+09 -1.752900e+04 1.891085e+04
5.966502e+25 -4.068787e+09 6.558430e+10 -7.520462e+03 1.282034e+04
3.617241e+25 9.335728e+10 -6.508912e+09 2.282555e+04 3.231438e+03
1.180406e+25 4.404709e+10 -9.365115e+10 -2.254583e+03 3.150520e+02
6.681209e+25 -5.614266e+10 -9.407085e+10 4.879580e+03 2.815584e+04
6.469100e+24 -6.761109e+10 -9.833861e+10 1.568733e+04 9.475915e+03
7.431621e+24 3.521216e+10 -5.011657e+10 -1.019057e+03 -1.878482e+04
2.010452e+24 -1.579579e+10 -4.305025e+10 -8.274171e+03 -2.067032e+04
3.619145e+24 -8.911885e+10 -5.776521e+10 1.095472e+04 2.693071e+03
1.351538e+25 -2.104527e+10 -4.841836e+10 -2.521450e+03 1.393761e+04
3.043452e+25 4.105515e+10 -4.153994e+10 -2.499663e+04 2.614487e+03
5.076127e+25 1.508737e+10 3.428104e+10 -1.471603e+04 5.417800e+03
7.314822e+25 2.385389e+10 8.158594e+10 5.596423e+03 -1.646670e+04
4.635845e+25 3.342593e+10 -6.988384e+10 2.291509e+03 1.468457e+04
7.705484e+25 3.186644e+10 -7.630899e+10 1.278622e+04 1.608358e+04
7.560304e+25 -1.709958e+10 -1.943114e+10 -1.069838e+04 -2.637206e+03
8.193562e+24 -8.512734e+10 -1.613919e+10 8.329710e+03 1.030126e+04
7.426368e+25 2.211724e+10 1.665429e+10 -8.726034e+03 1.548825e+04
2.079079e+25 7.911980e+10 -7.082652e+10 -5.797440e+02 8.567701e+03
9.517834e+25 4.959187e+10 -6.994827e+09 5.085040e+03 -1.164356e+03
3.042824e+24 -6.404924e+10 4.227348e+10 -1.910687e+04 1.216843e+04
3.138759e+25 -6.538942e+10 -5.661843e+10 2.997781e+04 4.074330e+03
7.173209e+25 5.222468e+10 8.491807e+10 4.668146e+03 -2.574519e+04
4.361959e+25 4.222252e+10 -3.587983e+10 2.928875e+04 -1.180607e+04
8.253008e+25 -9.281101e+10 3.646746e+10 1.216420e+04 -6.245061e+03
5.531686e+25 1.338993e+10 7.815231e+10 -5.241521e+03 2.008014e+04
5.316022e+25 -8.816807e+10 5.129042e+08 -1.912527e+04 6.493913e+03
8.229549e+24 -6.087727e+10 8.191890e+10 -1.107265e+04 2.830894e+04
5.188582e+25 4.453167e+09 3.640480e+10 2.087567e+04 -2.597114e+04
8.007916e+25 2.698333e+10 3.768783e+10 -1.982327e+04 -2.795446e+04
4.237230e+25 3.241681e+10 6.665718e+10 -2.696714e+04 -5.749703e+03
5.161565e+25 -3.006169e+10 3.907422e+10 1.660435e+04 2.923081e+04
1.507298e+25 1.832490e+10 -9.197923e+10 1.137893e+04 -1.723013e+04
3.079171e+25 -4.622445e+10 -2.096886e+10 -1.467249e+04 -1.058802e+04
2.736306e+25 1.001467e+10 3.882800e+10 -6.029491e+03 3.342796e+03
5.299440e+25 -6.217903e+09 -2.672046e+10 1.895818e+04 1.621265e+04
7.324864e+25 8.850147e+10 2.784266e+10 2.802966e+04 1.764576e+03
1.695636e+25 4.398277e+10 2.758769e+10 -2.249836e+04 -2.139939e+04
4.432187e+23 3.324224e+10 3.025772e+10 -1.284583e+03 -1.215890e+04
5.156040e+25 -5.342399e+09 5.871041e+10 2.199135e+04 2.047788e+04
3.762479e+25 -1.652819e+10 -8.950012e+10 2.989702e+04 -5.976691e+03
9.266624e+25 5.554094e+10 -6.671791e+10 -1.612248e+04 7.415670e+03
5.909229e+25 5.153685e+10 -5.659197e+10 1.690054e+04 1.264106e+04
3.453507e+25 -1.174787e+10 -7.710873e+10 1.919096e+03 -2.584472e+04
7.303452e+25 4.507710e+10 7.876587e+10 -1.279630e+04 -2.459912e+04
9.890074e+24 9.436360e+10 -3.199539e+10 1.466946e+04 2.610000e+04
5.820557e+24 1.066767e+10 2.890503e+10 -1.768239e+04 8.483574e+03
1.078410e+25 -9.321988e+10 -9.530312e+10 2.654768e+04 2.545694e+04
4.899728e+25 5.627728e+10 -9.517051e+10 1.638964e+03 2.535073e+04
6.227575e+25 5.464308e+09 9.888585e+10 -1.707583e+04 1.436357e+04
9.449545e+25 -9.803522e+09 7.668710e+10 -5.051392e+03 -1.018597e+04
7.729552e+25 -5.495307e+10 -7.355525e+10 -1.766103e+04 1.641356e+04
2.594637e+25 2.074552e+09 -9.313738e+10 -2.684095e+04 1.117279e+04
5.437453e+25 -7.296317e+10 4.624101e+10 -1.654981e+04 -1.507541e+04
9.708139e+25 -2.163895e+10 9.918125e+10 1.095967e+03 2.352787e+04
6.044774e+25 -3.951025e+10 -4.656596e+10 -1.294692e+04 1.016267e+04
2.145738e+25 8.982010e+10 -6.723684e+10 -6.284024e+03 -1.660523e+04
8.114368e+25 -1.416543e+10 -1.532357e+10 8.879815e+02 -2.619247e+04
7.040115e+25 -2.636003e+10 2.153786e+10 9.999490e+03 2.820289e+04
2.726172e+25 1.750498e+10 -6.945981e+10 -2.388605e+04 -2.922962e+04
8.536123e+25 7.197781e+10 2.772482e+10 2.963850e+04 -2.325925e+03
1.045383e+25 4.554171e+10 4.798566e+10 2.417393e+04 1.691012e+04
9.864677e+25 -7.062991e+10 9.893388e+10 2.847678e+03 7.384078e+03
7.025736e+25 6.363617e+10 -7.807635e+10 -7.212069e+03 6.420021e+03
7.943945e+25 -1.524646e+09 1.222478e+10 1.436991e+04 6.235546e+03
9.304579e+25 -7.047266e+10 -3.499426e+10 -1.729547e+04 2.153273e+04
9.298454e+25 -8.900750e+10 4.701816e+10 7.893986e+03 5.417993e+03
4.751428e+25 -5.850290e+10 5.371882e+10 2.381015e+04 -1.809698e+03
8.475348e+25 -2.449552e+10 9.520397e+09 9.177386e+03 1.133236e+04
5.167825e+25 3.716639e+10 8.954011e+10 -4.671350e+03 1.577791e+04
5.521299e+25 -2.580597e+10 8.499200e+10 -1.596023e+04 2.689638e+04
6.826358e+25 -1.894306e+10 3.808251e+10 -5.417069e+03 1.262154e+04
6.860622e+24 -3.728149e+10 5.396638e+10 -2.362322e+04 1.720502e+04
8.450957e+25 -4.052496e+10 9.185931e+09 2.148601e+04 2.646051e+04
9.779111e+25 2.610725e+10 -6.304878e+10 -2.529086e+04 -2.334597e+04
2.577243e+25 3.793071e+10 -3.306989e+10 -2.776602e+04 -2.162723e+04
4.545907e+25 -2.839583e+10 2.989428e+10 -2.357424e+04 -3.587669e+03
5.072249e+25 1.090416e+10 -4.720800e+10 1.924818e+04 -2.624307e+03
9.072422e+24 9.532001e+10 -6.883127e+10 -1.988616e+04 5.747335e+03
1.789785e+25 -1.640898e+10 9.515802e+10 2.949374e+04 -2.337065e+04
2.032250e+25 -2.362783e+10 2.577166e+10 -1.730747e+04 -2.326334e+04
1.901105e+24 -1.093830e+10 4.261353e+10 -1.813869e+03 1.765176e+04
9.271244e+25 4.521820e+10 2.114095e+10 1.018571e+04 2.003870e+03
9.276160e+25 9.946642e+10 -8.962029e+10 -2.537185e+04 -2.277651e+04
4.059457e+25 -7.191337e+10 2.242504e+10 -7.491458e+03 1.593201e+04
1.238048e+25 -3.742825e+10 -9.336726e+10 1.426003e+04 2.558775e+03
4.784450e+25 -8.888123e+10 -2.184925e+10 1.199859e+04 -2.621796e+04
8.170609e+25 -4.762028e+09 -8.957681e+10 1.595040e+04 -1.127232e+04
5.554825e+25 4.801213e+10 -7.826545e+10 1.073078e+04 -3.976526e+03
3.935848e+24 8.948720e+10 -3.774886e+10 2.443761e+03 2.845729e+04
7.790918e+25 -9.844950e+09 6.709783e+10 9.960630e+03 2.523023e+04
2.625099e+25 2.016027e+08 5.729033e+10 -7.983902e+02 -1.495152e+04
4.576879e+25 -5.419245e+10 -7.695160e+10 -1.832785e+04 8.014134e+02
4.690539e+25 7.319743e+10 6.158175e+10 1.245397e+04 -3.619126e+03
7.729119e+25 -7.650505e+10 3.727177e+10 -6.054118e+03 1.568025e+04
4.385176e+24 -4.148241e+10 4.675008e+09 -1.700372e+04 -8.025368e+01
8.069519e+25 2.968626e+09 -2.397362e+10 -2.002054e+04 2.658775e+04
6.229277e+25 3.052594e+10 6.582854e+10 1.544651e+04 -2.000480e+04
7.160611e+25 9.838862e+10 8.652620e+10 2.517520e+04 -2.599892e+04
8.143389e+24 -8.924518e+10 -4.703152e+10 2.945010e+04 -1.763815e+04
7.088891e+25 -4.139616e+10 5.444157e+10 2.004459e+04 -5.033964e+03
2.810856e+25 2.970150e+10 3.319034e+10 4.139693e+03 -1.256777e+04
1.655556e+25 -1.108646e+10 -2.702142e+10 6.621196e+03 -1.390417e+04
2.616555e+25 -5.669825e+10 3.188296e+10 4.753312e+03 -2.756538e+04
9.529889e+25 -3.121698e+10 -1.457451e+10 1.501412e+04 -2.952168e+04
3.624348e+25 -7.811917e+10 -6.456959e+10 -1.399307e+04 -1.352536e+04
6.463795e+25 -3.965758e+10 8.108208e+10 1.382072e+04 8.242902e+03
3.496369e+25 -9.213898e+10 -4.431756e+10 2.479394e+04 -2.611132e+04
9.929049e+25 -4.345690e+10 1.303956e+10 3.528287e+03 1.314991e+04
9.739129e+25 -5.218274e+09 -9.358469e+10 1.949036e+04 -4.987152e+03
3.126181e+24 -8.050593e+10 -8.617656e+10 -8.820482e+03 -2.917207e+04
8.997350e+25 -8.296215e+10 -7.803901e+10 -1.163490e+04 1.747966e+04
5.911095e+25 -9.730687e+10 4.476579e+10 -2.643751e+04 2.606606e+03
9.831157e+25 5.555686e+10 7.914781e+10 2.342280e+04 -2.512872e+04
2.263002e+25 7.304873e+10 -7.642895e+09 2.576094e+04 2.238393e+04
5.747884e+25 5.486195e+10 -5.035709e+10 1.592993e+04 1.323015e+03
6.771009e+25 1.620986e+10 -5.744574e+10 6.424773e+03 -4.320716e+03
5.933743e+25 8.218228e+10 -8.700676e+10 -2.218959e+03 -1.222113e+04
7.460194e+25 2.655638e+10 1.533533e+10 1.861037e+04 -2.730863e+04
3.260997e+25 9.135747e+10 2.503476e+10 1.988824e+04 2.549760e+04
3.394783e+24 7.370533e+10 1.072462e+10 -1.895419e+04 -2.453818e+04
7.625580e+25 4.507053e+08 -3.063102e+09 -2.072242e+04 2.669487e+04
8.799188e+25 5.755051e+10 3.677561e+10 8.348844e+03 -1.269570e+04
7.620376e+25 -2.237761e+10 8.652254e+10 -1.937877e+04 -1.437367e+04
2.251182e+25 8.763626e+10 -1.529799e+10 -2.322483e+04 -1.479237e+04
9.875388e+25 -1.818849e+10 -3.267554e+10 -2.789917e+04 -1.768469e+04
9.963552e+24 -7.382416e+10 -8.936719e+10 -2.171513e+04 -1.637608e+04
8.730589e+25 6.845093e+10 9.171657e+10 2.147486e+04 2.978545e+04
2.884734e+25 6.348594e+10 -9.079786e+09 -2.032472e+04 9.349688e+03
4.893283e+25 -4.697237e+10 -9.187190e+09 -2.613583e+04 1.232549e+04
8.862605e+25 2.072154e+10 7.126264e+10 7.188440e+03 -2.534249e+04
5.126746e+25 -8.512256e+10 -9.718678e+10 -1.373461e+04 -1.048340e+03
1.774086e+25 5.391481e+10 -5.687906e+10 2.290516e+04 -2.958244e+04
2.311656e+25 9.839908e+10 -8.384045e+10 1.828532e+04 1.837295e+04
5.505593e+25 -6.546482e+10 4.809967e+10 1.328673e+04 2.628447e+04
6.274207e+25 1.995589e+10 7.384854e+10 2.639790e+04 8.617397e+03
1.866737e+25 9.178289e+10 7.078641e+10 -2.482609e+04 -2.016690e+04
8.501639e+25 -5.084428e+10 -6.816001e+10 -2.624837e+04 8.248212e+02
3.492934e+25 -1.758179e+10 5.317568e+10 1.478794e+04 -2.328955e+04
8.593437e+25 3.498890e+10 -9.379790e+10 2.553595e+04 -2.191875e+04
1.908447e+25 -9.269011e+10 1.423095e+10 -1.528019e+04 -1.327992e+04
3.583559e+25 -1.770089e+10 -3.044064e+10 2.166265e+04 -1.397839e+04
1.576693e+25 -3.084517e+10 -9.901503e+10 1.104001e+04 -1.346055e+03
3.098249e+25 -9.803161e+10 -9.332628e+10 2.547410e+04 5.911687e+03
3.184664e+25 3.457492e+10 3.095904e+10 6.043333e+03 -1.170806e+04
4.036046e+25 6.061575e+09 5.314597e+10 2.247259e+04 -2.602375e+04
4.221306e+25 9.853370e+10 -4.893248e+10 -1.729486e+04 7.089518e+03
2.457865e+25 1.094031e+10 -5.508756e+10 2.986449e+04 1.753737e+04
8.158616e+24 -4.173461e+09 -4.345495e+10 2.478411e+04 -9.100128e+03
7.068487e+25 -2.319427e+10 5.070944e+10 2.235746e+04 -2.434999e+04
7.911523e+25 -7.976294e+10 -5.623405e+10 -9.705050e+03 1.955277e+03
9.075096e+25 -5.112307e+10 7.546331e+10 -4.314101e+03 1.081130e+04
5.116414e+25 9.104186e+10 1.107580e+10 -2.839249e+04 -1.068025e+04
1.930696e+25 6.492655e+10 -6.704439e+10 -2.156476e+04 2.568661e+04
6.765933e+24 -8.545931e+10 7.351754e+10 -1.270080e+04 5.983498e+03
9.769563e+25 5.859122e+10 -2.759473e+09 -8.773069e+03 -1.360820e+04
5.499747e+25 -8.658338e+10 6.131112e+10 9.790189e+03 -1.517692e+04
7.500123e+25 -2.713808e+10 4.595802e+10 -1.796472e+04 -6.278068e+03
7.729248e+25 2.501656e+10 7.054525e+10 7.877319e+02 1.695947e+04
5.248986e+25 -8.092358e+10 -6.766833e+10 1.929846e+04 2.498393e+04
9.362836e+25 6.831882e+10 4.210631e+10 1.951786e+04 -1.521480e+04
7.953227e+25 2.781342e+10 6.381619e+10 6.672783e+03 9.112949e+03
6.689435e+25 6.806388e+10 3.487066e+10 -1.086321e+04 2.622083e+04
6.691353e+25 -8.333298e+10 7.511668e+10 -2.816138e+04 2.437364e+04
4.336902e+25 -9.608410e+10 -3.207842e+10 -4.396780e+03 -2.089294e+04
8.507381e+25 -2.107327e+10 -4.104156e+10 6.191106e+03 6.027890e+03
1.728581e+25 3.479314e+10 -4.662675e+09 -2.671735e+04 5.877962e+03
7.759629e+25 -9.421943e+10 1.992682e+10 1.794120e+04 1.660030e+04
6.583434e+25 9.231121e+10 -7.374157e+08 -7.771591e+03 -5.620517e+03
1.233135e+25 -2.650657e+10 -1.173248e+08 2.156024e+04 -5.111834e+02
3.606285e+25 2.305622e+10 1.299858e+10 1.620599e+04 -4.311893e+03
5.963800e+25 -3.982974e+09 -8.177937e+10 -2.420388e+04 -2.954537e+03
6.657771e+25 3.708052e+10 1.334179e+10 7.764479e+03 -1.175309e+04
7.322029e+25 5.137692e+10 -6.774890e+10 -2.469447e+04 4.376409e+03
7.947616e+25 -8.184777e+10 4.227643e+09 1.732559e+04 -1.727076e+04
9.349398e+24 5.528436e+10 7.311148e+10 9.914877e+02 1.592549e+04
3.706544e+25 -3.514810e+10 -8.885914e+10 -1.626771e+04 2.464143e+04
6.515881e+25 6.402104e+10 -1.749374e+10 -1.149030e+04 2.369610e+03
4.449206e+25 -7.287880e+10 7.786459e+10 -1.337280e+04 1.291032e+04
1.924655e+25 -5.535483e+10 9.566088e+10 -3.301715e+03 -2.465383e+04
4.426269e+25 -4.036367e+10 -8.580610e+10 -1.515442e+04 1.024694e+04
2.636319e+25 1.501893e+10 -4.751513e+10 1.078580e+04 2.901402e+04
9.877258e+25 3.707658e+10 -1.973794e+10 2.551523e+04 2.930990e+04
8.098373e+25 8.401327e+10 -8.880054e+10 2.843485e+04 -2.587831e+04
2.263560e+25 -6.205505e+10 -7.772213e+09 2.098134e+04 1.090763e+04
6.972307e+25 -9.279896e+10 -6.758586e+10 -2.271487e+04 -2.541727e+04
7.087575e+25 -5.199635e+10 8.690484e+10 2.558326e+04 -1.967101e+04
3.321773e+25 7.623491e+10 -9.606722e+10 2.574593e+04 1.175597e+04
7.407257e+25 3.377462e+10 6.317915e+10 9.317758e+03 2.120581e+04
2.230663e+25 8.460553e+10 3.957228e+10 2.598088e+04 -2.998103e+04
6.635629e+24 3.709017e+10 9.124329e+10 -1.390066e+04 -2.138659e+04
5.098930e+25 4.230544e+10 8.775776e+10 9.855845e+03 -1.469792e+04
8.240069e+25 -7.973773e+10 6.584962e+10 1.757901e+04 1.602516e+04
5.465132e+25 6.955714e+09 -3.405613e+10 -2.001516e+03 -9.327591e+03
8.251005e+25 -5.491306e+10 6.241120e+10 -2.004252e+04 2.348130e+04
1.826567e+25 -1.048323e+10 -7.148069e+10 1.355730e+04 -2.312979e+04
8.954322e+23 -1.490475e+10 -1.531820e+10 -5.990364e+03 1.918509e+04
4.058780e+25 7.129706e+10 -3.216984e+09 -6.882513e+03 6.944717e+03
4.244024e+25 -5.799680e+10 7.461772e+10 -1.636198e+04 -1.716749e+04
5.614059e+25 -5.248437e+10 -6.837847e+10 -1.994007e+04 2.174669e+04
9.220627e+24 1.548719e+10 2.123622e+10 -2.812630e+04 -2.934787e+04
6.769453e+25 8.827359e+10 6.042399e+10 1.593379e+03 -7.737326e+03
9.268758e+24 -7.078992e+10 -3.498022e+10 2.479449e+04 2.493486e+03
9.803235e+25 -7.438906e+10 7.260420e+09 -9.591795e+02 8.734634e+03
3.666987e+25 -5.025637e+10 -4.612551e+10 1.757090e+04 -2.318569e+04
2.343577e+25 -8.903487e+10 -3.055524e+10 9.332099e+03 -2.715461e+04
7.758444e+25 8.144827e+10 -3.098429e+10 1.667822e+04 -2.133732e+04
